7.19
699.57
758.57
399.91
895.82
104.88
189.47
244.63
113.24
42.93
673.16
216.50
7.40
200.14
97.23
369.51
-123
37.42
32.30
427.66
823.87
107.96
269.73
771.22
300.89
234.48
375.78
71.34
93.51
223.07
418.25
49.97
733.72
317.17
85.79
192.06
317.73
7.66
85.11
502.83
66.46
298.01
649.67
112.75
asd
347.92
556.44
413.16
207.69
317.49
258.95
203.72
106.81
122.50
161.24
560.80
196.26
382.08
458.15
748.78
539.02
41.79
613.91
170.68
290.19
194.70
139.83
38.71
319.23
887.42
106.45
853.70
732.47
274.29
123qwe
196.62
168.02
54.81
204.22
17.11
728.31
370.60
552.98
440.61
738.58
174.36
160.61
25.11
178.44
234.07
584.18
165.75
464.87
400.25
290.37
898.24
457.21
294.98
113.69
166.93
69.52
445.21
78.89
52.93
12.63
38.65
503.85
144.10
73.28
167.62
497.28
243.48
599.66
192.81
135.67
zxc456
458.05
268.73
658.45
339.17
36.31
96.82
711.95
688.59
485.72
102.69
39.92
205.74
754.15
647.65
300.68
313.98
285.19
276.16
534.34
812.15
128.43
139.26
305.52
318.37
77.06
44.01
180.16
122.75
31.02
81.60
844.18
451.23
-456.789
205.69
170.97
401.56
140.85
92.67
55.42
324.90
914.08
426.40
144.12
212.75
155.92
395.39
98.99
57.24
52.71
97.47
119.94
89.27
21.22
708.55
127.67
264.04
211.46
255.68
203.12
483.02
261.91
195.03
97.35
130.72
270.24
428.58
76.93
34.95
48.68
525.06
226.48
5.44
222.80
239.57
547.76
507.65
427.81
114.19
9.89
425.41
455.93
111.23
80.48
23.97
141.59
141.29
77.49
202.65
340.32
89.61
102.86
150.35
570.49
223.39
82.96
60.20
0.53
433.51
40.43
39.75
620.24
283.10
529.23
211.12
518.49
345.59
675.89
508.15
206.92
674.88
109.10
127.91
93.71
160.39
854.52
274.03
153.65
91.78
296.59
758.06
892.40
370.12
369.50
510.00
248.02
482.91
62.15
111.45
229.71
371.40
77.04
97.23
20.54
93.33
158.39
913.65
15.01
491.40
221.23
112.58
107.51
531.31
145.82
146.90
116.49
101.56
457.58
58.01
772.32
150.04
109.97
120.91
467.30
625.61
402.40
41.28
259.16
536.00
164.52
762.32
450.60
243.77
99.09
95.94
146.02
57.19
77.57
45.47
64.79
759.42
124.94
256.44
454.57
79.46
418.23
400.13
24.90
6.39
270.63
364.51
0.04
216.39
133.86
176.95
861.19
246.35
68.86
109.37
103.72
