Διαγωνιζόμενος_01
9
4
18
9
asd
4
1
5
9
16
19
Διαγωνιζόμενος_02
9
5
10
6
2
5
11
12
123.456
5
20
Διαγωνιζόμενος_03
20
16
15
12
15
13
19
16
19
17
Διαγωνιζόμενος_04
15
14
18
12
7
5
qwe
15
13
9
6
Διαγωνιζόμενος_05
2
9
2
0.9
3
8
7
5
1
6
2
Διαγωνιζόμενος_06
12
11
13
19
456
15
12
17
16
13
12
Διαγωνιζόμενος_07
4
9
8
9
2
3
9
5rty
5
1
1
Διαγωνιζόμενος_08
19
20
19
12
15
12
17
15
15
12
Διαγωνιζόμενος_09
9
11
1
1
1
4
5
10
11
10
Διαγωνιζόμενος_10
10
2
17
20
6
1
16
3
10
7
Διαγωνιζόμενος_11
11
8
2
7
11
11
3
2
10
10
Διαγωνιζόμενος_12
8
7
11
9
8
13
150
15
14
11
6
Διαγωνιζόμενος_13
5
6
9
2
2
7
3
7
8
5
Διαγωνιζόμενος_14
14
19
17
18
14
15
14
17
18
17
Διαγωνιζόμενος_15
1
1
20
17
14
4
4
1
16
13
Διαγωνιζόμενος_16
4
4
8
13
19
2
19
16
10
19
Διαγωνιζόμενος_17
11
2
12
16
15
20
18
17
2
4
Διαγωνιζόμενος_18
2
9
6
7
2
5
4
3
2
8
Διαγωνιζόμενος_19
2
20
12
16
15
20
18
17
2
4
Διαγωνιζόμενος_20
16
20
12
18
18
13
18
14
13
15
ΤΕΛΟΣ
